3 0.07 0.07 365.913 82.7507 0.00032 0 120 200 0 0 0 0 650 1 -0.000186936 11 20

7 0.1 0.1 640.38 445.2 0.00032 0 50 50 50 0 0 0 500 1 0 2 0.001591 10 0

7 0.1 0.1 890.432 445.2 0.000319 0 50 50 0 0 0 0 500 1 0 0 0.612401 10 5

7 0.1 0.1 810.824 445.2 0.000319 0 50 50 -50 0 0 0 500 1 0 1 0.612401 10 4

7 0.1 0.1 1290 445.2 0.000319 0 50 50 -50 0 0 0 500 1 0 1 0.612402 10 5

5 0.1 0.1 860.884 300 0.00032 0 1 70 -70 0 0 0 500 0 0 1 0.612402 
6 0.12 0.12 300 461.6 0.000319 0 3.610750.8 0.9 
6 0.12 0.12 700 461.6 0.00032 0 3.611310.8 0.9 
6 0.08 0.08 900 499.4 0.00032 0 3.611890.8 0.9 
6 0.08 0.08 500 499.4 0.000319 0 3.611940.8 0.9 
6 0.12 0.12 100 461.6 0.00032 0 3.611820.8 0.9 
6 0.12 0.12 1100 461.6 0.00032 0 3.611690.8 0.9 
4 0.3 0.6 640 236 0 0 06 0 0 1

4 0.3 0.3 450 375.04 0.00032 0 8.610993 1 400 0

4 0.3 0.3 250 205.041 0.000319 0 8.610863 1 230 0

4 0.3 0.3 850 375.039 0.00032 0 8.611323 1 400 0

