2 0
3 0.07 0.07 0 477.71 200 200 0 0 650 1 -0.00160095 1 20
4 0.3 0.6 640 261 2 6 0 0 25
10 0.05 0.05 431.869 497.6 0 30 0 6
10 0.05 0.05 591.913 497.6 0 30 0 7
10 0.05 0.05 0 0 0 30 0 8
10 0.05 0.05 464.439 511.852 1 30 1 9
9 0.1 0.1 380.584 446.4 80 50 -50 0 500 1 0 1 0.417977 15 0 6
9 0.1 0.1 540.627 446.4 80 50 -50 0 500 1 0 1 0.417977 11 0 7
9 0.1 0.1 539.143 446.4 80 50 0 0 500 1 0 0 0.417977 8 1 9
5 0.1 0.1 18.6864 300 1 70 34.1116 0 500 0 0 1 0 1.5
5 0.1 0.1 -22.088 300 1 70 -22.3676 0 500 0 0 0 0 1.5
5 0.1 0.1 18.3724 300 1 70 35.3096 0 500 0 0 1 0.588062 1.5
5 0.1 0.1 53.974 300 1 70 -70 0 500 0 0 1 0.907449 1.5
5 0.1 0.1 876.045 300 1 70 70 0 500 0 0 2 0.417978 1.5
8 0.23 0.23 910 515.82 0 20
8 0.23 0.23 710 515.82 0 20
8 0.23 0.23 510 515.82 0 20
8 0.23 0.23 90 515.82 1 20
8 0.23 0.23 1110 515.82 0 20
4 0.3 0.3 450 400 0 3 400 0 25
4 0.3 0.3 250 230 0 3 230 0 25
